%YAML:1.0
---
M1: !!opencv-matrix
   rows: 3
   cols: 3
   dt: d
   data: [ 1.3038979293956024e+03, 0., 6.4446389737752270e+02, 0.,
       1.3095910352436219e+03, 3.7601333451106478e+02, 0., 0., 1. ]
D1: !!opencv-matrix
   rows: 1
   cols: 14
   dt: d
   data: [ 2.8562435765395987e-02, 2.8525535866613588e-01,
       4.2989152414994493e-03, -6.2736286557584571e-04,
       -1.6725488239757840e+00, 0., 0., -5.2237480731642827e-01, 0., 0.,
       0., 0., 0., 0. ]
M2: !!opencv-matrix
   rows: 3
   cols: 3
   dt: d
   data: [ 7.4297945129127334e+02, 0., 6.4342576254992605e+02, 0.,
       7.4581511316938850e+02, 3.5951832144992591e+02, 0., 0., 1. ]
D2: !!opencv-matrix
   rows: 1
   cols: 14
   dt: d
   data: [ -1.1649283733232837e-02, -1.2504256500783917e-01,
       4.3394468850020138e-03, -1.2198981555464263e-03,
       3.2821142248210960e-01, 0., 0., -4.7019745413129183e-01, 0., 0.,
       0., 0., 0., 0. ]
