%YAML:1.0
---
R: !!opencv-matrix
   rows: 3
   cols: 3
   dt: d
   data: [ 9.9996980798257706e-01, 1.3569050030541097e-03,
       -7.6512699665372214e-03, -1.3052516620935366e-03,
       9.9997635375524285e-01, 6.7519070245454687e-03,
       7.6602507391566382e-03, -6.7417163380100115e-03,
       9.9994793355425826e-01 ]
T: !!opencv-matrix
   rows: 3
   cols: 1
   dt: d
   data: [ -2.7190363411618062e+01, -1.2351266890238284e-02,
       -2.6393433575648610e+00 ]
R1: !!opencv-matrix
   rows: 3
   cols: 3
   dt: d
   data: [ 9.9603118359868137e-01, 1.1513222262096070e-03,
       8.8997504212988895e-02, -1.4544086589812675e-03,
       9.9999336189345134e-01, 3.3407880036699237e-03,
       -8.8993067114591692e-02, -3.4569677702027219e-03,
       9.9602624633057391e-01 ]
R2: !!opencv-matrix
   rows: 3
   cols: 3
   dt: d
   data: [ 9.9532172971164168e-01, 4.5212651773790980e-04,
       9.6614957151765282e-02, -1.2303002259640816e-04,
       9.9999417086496944e-01, -3.4121986600520126e-03,
       -9.6615936715632081e-02, 3.3843489320811832e-03,
       9.9531598347201600e-01 ]
P1: !!opencv-matrix
   rows: 3
   cols: 4
   dt: d
   data: [ 1.0277030742065053e+03, 0., 5.2061375808715820e+02, 0., 0.,
       1.0277030742065053e+03, 3.6777740478515625e+02, 0., 0., 0., 1.,
       0. ]
P2: !!opencv-matrix
   rows: 3
   cols: 4
   dt: d
   data: [ 1.0277030742065053e+03, 0., 5.2061375808715820e+02,
       -2.8074962329022601e+04, 0., 1.0277030742065053e+03,
       3.6777740478515625e+02, 0., 0., 0., 1., 0. ]
Q: !!opencv-matrix
   rows: 4
   cols: 4
   dt: d
   data: [ 1., 0., 0., -5.2061375808715820e+02, 0., 1., 0.,
       -3.6777740478515625e+02, 0., 0., 0., 1.0277030742065053e+03, 0.,
       0., 3.6605679543303009e-02, 0. ]
validRoi1: !!opencv-matrix
   rows: 4
   cols: 1
   dt: d
   data: [ 127., 87., 1010., 542. ]
validRoi2: !!opencv-matrix
   rows: 4
   cols: 1
   dt: d
   data: [ 216., 139., 861., 450. ]
