%YAML:1.0
---
R: !!opencv-matrix
   rows: 3
   cols: 3
   dt: d
   data: [ 9.9997197391383497e-01, -4.9478528996943910e-03,
       -5.6187310446070430e-03, 4.7419251915072937e-03,
       9.9933728329274629e-01, -3.6090280776845306e-02,
       5.7935768180627121e-03, 3.6062625705241803e-02,
       9.9933273812824563e-01 ]
T: !!opencv-matrix
   rows: 3
   cols: 1
   dt: d
   data: [ -4.8853481169560222e+00, 2.7937145182231454e+01,
       8.0470665956439227e+00 ]
R1: !!opencv-matrix
   rows: 3
   cols: 3
   dt: d
   data: [ 9.8689621475849776e-01, 1.6059900135906360e-01,
       1.5614802522619268e-02, -1.5963425018132371e-01,
       9.5768056508645005e-01, 2.3950958524606961e-01,
       2.3511007302866944e-02, -2.3886376037015158e-01,
       9.7076842579342038e-01 ]
R2: !!opencv-matrix
   rows: 3
   cols: 3
   dt: d
   data: [ 9.8598620030989526e-01, 1.6460881513254455e-01,
       2.7113664066566102e-02, -1.6571397876111965e-01,
       9.4764495232311741e-01, 2.7296139210458992e-01,
       1.9237724439600389e-02, -2.7362927898376721e-01,
       9.6164282747869023e-01 ]
P1: !!opencv-matrix
   rows: 3
   cols: 4
   dt: d
   data: [ 8.0491248302791701e+02, 0., 6.5579397964477539e+02, 0., 0.,
       8.0491248302791701e+02, 8.0345990419387817e+01, 0., 0., 0., 1.,
       0. ]
P2: !!opencv-matrix
   rows: 3
   cols: 4
   dt: d
   data: [ 8.0491248302791701e+02, 0., 6.5579397964477539e+02, 0., 0.,
       8.0491248302791701e+02, 8.0345990419387817e+01,
       2.3729305835709216e+04, 0., 0., 1., 0. ]
Q: !!opencv-matrix
   rows: 4
   cols: 4
   dt: d
   data: [ 1., 0., 0., -6.5579397964477539e+02, 0., 1., 0.,
       -8.0345990419387817e+01, 0., 0., 0., 8.0491248302791701e+02, 0.,
       0., -3.3920608070069996e-02, 0. ]
validRoi1: !!opencv-matrix
   rows: 4
   cols: 1
   dt: d
   data: [ 55., 76., 1069., 488. ]
validRoi2: !!opencv-matrix
   rows: 4
   cols: 1
   dt: d
   data: [ 0., 43., 1224., 627. ]
