%YAML:1.0
---
R: !!opencv-matrix
   rows: 3
   cols: 3
   dt: d
   data: [ 9.9986088835127240e-01, -1.6354378944924651e-03,
       -1.6599074922949066e-02, 1.5508166399605709e-03,
       9.9998574367087500e-01, -5.1095423235555633e-03,
       1.6607194620213251e-02, 5.0830894051002327e-03,
       9.9984917026966935e-01 ]
T: !!opencv-matrix
   rows: 3
   cols: 1
   dt: d
   data: [ -1.3977932334872667e-01, -1.2665698105655663e+00,
       1.5462300188564643e-01 ]
R1: !!opencv-matrix
   rows: 3
   cols: 3
   dt: d
   data: [ 9.9399134506299902e-01, -1.0945214459199241e-01,
       -1.1974907363741290e-03, 1.0841036013006675e-01,
       9.8592302426905154e-01, -1.2729094246110553e-01,
       1.5112900327844063e-02, 1.2639627470926834e-01,
       9.9186469943400035e-01 ]
R2: !!opencv-matrix
   rows: 3
   cols: 3
   dt: d
   data: [ 9.9405194871151814e-01, -1.0790296725869628e-01,
       1.4753742562551454e-02, 1.0889577500211217e-01,
       9.8672749167426943e-01, -1.2045981637414975e-01,
       -1.5599517693458574e-03, 1.2134993543868589e-01,
       9.9260856319069912e-01 ]
P1: !!opencv-matrix
   rows: 3
   cols: 4
   dt: d
   data: [ 5.3679033020637542e+02, 0., 6.5913936233520508e+02, 0., 0.,
       5.3679033020637542e+02, 4.7740520858764648e+02, 0., 0., 0., 1.,
       0. ]
P2: !!opencv-matrix
   rows: 3
   cols: 4
   dt: d
   data: [ 5.3679033020637542e+02, 0., 6.5913936233520508e+02, 0., 0.,
       5.3679033020637542e+02, 4.7740520858764648e+02,
       -6.8902755074686218e+02, 0., 0., 1., 0. ]
Q: !!opencv-matrix
   rows: 4
   cols: 4
   dt: d
   data: [ 1., 0., 0., -6.5913936233520508e+02, 0., 1., 0.,
       -4.7740520858764648e+02, 0., 0., 0., 5.3679033020637542e+02, 0.,
       0., 7.7905495886852238e-01, 0. ]
validRoi1: [ 277, 242, 696, 339 ]
validRoi2: [ 168, 175, 907, 445 ]
