%YAML:1.0
---
M1: !!opencv-matrix
   rows: 3
   cols: 3
   dt: d
   data: [ 8.9792836358317368e+02, 0., 6.6799333136367636e+02, 0.,
       8.9926655668068508e+02, 3.4206302939602250e+02, 0., 0., 1. ]
D1: !!opencv-matrix
   rows: 1
   cols: 14
   dt: d
   data: [ 1.1563229256353960e-01, 1.0358125061344019e-02, 0., 0.,
       -6.1045050392755029e-01, 0., 0., 5.5613682234852399e-02, 0., 0.,
       0., 0., 0., 0. ]
M2: !!opencv-matrix
   rows: 3
   cols: 3
   dt: d
   data: [ 7.1189660247266033e+02, 0., 6.7020564242769001e+02, 0.,
       7.0838668843513199e+02, 3.5843082870115688e+02, 0., 0., 1. ]
D2: !!opencv-matrix
   rows: 1
   cols: 14
   dt: d
   data: [ -4.2292097117099130e-02, 2.7901141462269652e-01, 0., 0.,
       -2.1347279561615540e-01, 0., 0., 2.6919188500049007e-01, 0., 0.,
       0., 0., 0., 0. ]
