%YAML:1.0
---
R: !!opencv-matrix
   rows: 3
   cols: 3
   dt: d
   data: [ 9.9993539095384598e-01, 2.2381997981617812e-03,
       -1.1144701864241541e-02, -2.2356707748344999e-03,
       9.9999747223368873e-01, 2.3937923777697328e-04,
       1.1145209471601294e-02, -2.1444788746066151e-04,
       9.9993786722872835e-01 ]
T: !!opencv-matrix
   rows: 3
   cols: 1
   dt: d
   data: [ 2.9367056697541798e+01, -5.1595395131636224e-01,
       -1.3300752748540008e+00 ]
R1: !!opencv-matrix
   rows: 3
   cols: 3
   dt: d
   data: [ 9.9829260340526371e-01, -1.5303136899520065e-02,
       -5.6371020811899659e-02, 1.5305348248092560e-02,
       9.9988278924882612e-01, -3.9252896998397872e-04,
       5.6370420446770542e-02, -4.7091933726933625e-04,
       9.9840981261886252e-01 ]
R2: !!opencv-matrix
   rows: 3
   cols: 3
   dt: d
   data: [ 9.9882209141518641e-01, -1.7548445866925680e-02,
       -4.5238056419884300e-02, 1.7546671459565177e-02,
       9.9984595009573374e-01, -4.3634602067311285e-04,
       4.5238744696146645e-02, -3.5794526851960171e-04,
       9.9897613978187771e-01 ]
P1: !!opencv-matrix
   rows: 3
   cols: 4
   dt: d
   data: [ 1.0300368351181633e+03, 0., 7.8293723392486572e+02, 0., 0.,
       1.0300368351181633e+03, 4.4418762901425362e+02, 0., 0., 0., 1.,
       0. ]
P2: !!opencv-matrix
   rows: 3
   cols: 4
   dt: d
   data: [ 1.0300368351181633e+03, 0., 7.8293723392486572e+02,
       3.0284822890343708e+04, 0., 1.0300368351181633e+03,
       4.4418762901425362e+02, 0., 0., 0., 1., 0. ]
Q: !!opencv-matrix
   rows: 4
   cols: 4
   dt: d
   data: [ 1., 0., 0., -7.8293723392486572e+02, 0., 1., 0.,
       -4.4418762901425362e+02, 0., 0., 0., 1.0300368351181633e+03, 0.,
       0., -3.4011651276540558e-02, 0. ]
validRoi1: !!opencv-matrix
   rows: 4
   cols: 1
   dt: d
   data: [ 251., 142., 1004., 550. ]
validRoi2: !!opencv-matrix
   rows: 4
   cols: 1
   dt: d
   data: [ 734., 430., 28., 15. ]
