%YAML:1.0
---
M1: !!opencv-matrix
   rows: 3
   cols: 3
   dt: d
   data: [ 1.3061520994194229e+03, 0., 5.9139073262015449e+02, 0.,
       1.3125380591139171e+03, 3.9776480040092491e+02, 0., 0., 1. ]
D1: !!opencv-matrix
   rows: 1
   cols: 14
   dt: d
   data: [ 4.5945107216968456e-02, 2.3824472409357653e-01,
       7.4258260093563056e-03, -2.3435442568421195e-03,
       -1.0451428030006442e+00, 0., 0., 4.1956960982142771e-01, 0., 0.,
       0., 0., 0., 0. ]
M2: !!opencv-matrix
   rows: 3
   cols: 3
   dt: d
   data: [ 7.4445614404949413e+02, 0., 6.4706650954758584e+02, 0.,
       7.4753561112240925e+02, 3.6336333573621630e+02, 0., 0., 1. ]
D2: !!opencv-matrix
   rows: 1
   cols: 14
   dt: d
   data: [ 2.6536507411413279e-02, -7.6059767230293096e-01,
       5.9049893518444072e-03, 3.7156114308206851e-04,
       2.7908214665751725e+00, 0., 0., -1.0428545571687013e+00, 0., 0.,
       0., 0., 0., 0. ]
