%YAML:1.0
---
M1: !!opencv-matrix
   rows: 3
   cols: 3
   dt: d
   data: [ 9.1227126516765645e+02, 0., 6.5496971161388558e+02, 0.,
       9.1662199705881449e+02, 3.4954545811476549e+02, 0., 0., 1. ]
D1: !!opencv-matrix
   rows: 1
   cols: 14
   dt: d
   data: [ 1.5080472114214769e-02, 4.5555937254793211e-01,
       2.7833450380035040e-03, 1.8875266629925472e-03,
       -1.3026949818271365e+00, 0., 0., 3.6210382028400839e-01, 0., 0.,
       0., 0., 0., 0. ]
M2: !!opencv-matrix
   rows: 3
   cols: 3
   dt: d
   data: [ 1.3038388139947374e+03, 0., 5.9340839829778088e+02, 0.,
       1.3093949551700455e+03, 3.8744474390505030e+02, 0., 0., 1. ]
D2: !!opencv-matrix
   rows: 1
   cols: 14
   dt: d
   data: [ 4.2089397749773515e-02, 1.0551109688094684e-01,
       3.9278490212004864e-03, -2.1950130767851091e-03,
       -1.2757884747476755e+00, 0., 0., -7.8389005116547328e-01, 0., 0.,
       0., 0., 0., 0. ]
