%YAML:1.0
---
M1: !!opencv-matrix
   rows: 3
   cols: 3
   dt: d
   data: [ 9.1123612475690277e+02, 0., 6.5936989851977592e+02, 0.,
       9.1556618116115885e+02, 3.4580578716089087e+02, 0., 0., 1. ]
D1: !!opencv-matrix
   rows: 1
   cols: 14
   dt: d
   data: [ 3.6347394399712137e-02, 3.7563403212413715e-01,
       2.7935682330281044e-03, 2.1464754889605059e-03,
       -1.2822231617575797e+00, 0., 0., 2.7563814634955258e-01, 0., 0.,
       0., 0., 0., 0. ]
M2: !!opencv-matrix
   rows: 3
   cols: 3
   dt: d
   data: [ 1.3030964303625110e+03, 0., 6.4072835155676728e+02, 0.,
       1.3080579229022037e+03, 3.7013934845638960e+02, 0., 0., 1. ]
D2: !!opencv-matrix
   rows: 1
   cols: 14
   dt: d
   data: [ 3.3220014484841187e-02, 9.3656890719556560e-02,
       2.1946169459385115e-03, -2.2510400932637038e-03,
       -9.9036535183901775e-01, 0., 0., -7.2135047994815227e-01, 0., 0.,
       0., 0., 0., 0. ]
