%YAML:1.0
---
R: !!opencv-matrix
   rows: 3
   cols: 3
   dt: d
   data: [ 9.9988195816870196e-01, 1.5306288347110475e-02,
       1.3368865910253788e-03, -1.5303723215018975e-02,
       9.9988107007253157e-01, -1.9083412607125050e-03,
       -1.3659372168012172e-03, 1.8876566542564343e-03,
       9.9999728548025335e-01 ]
T: !!opencv-matrix
   rows: 3
   cols: 1
   dt: d
   data: [ -7.9443306839531019e+01, 6.3578001275404805e-01,
       -1.5793179424685142e+00 ]
R1: !!opencv-matrix
   rows: 3
   cols: 3
   dt: d
   data: [ 9.9974773567979625e-01, 7.3401411597205377e-03,
       2.1227042442975800e-02, -7.3216650574365943e-03,
       9.9997274689509874e-01, -9.4799148583505309e-04,
       -2.1233422331485608e-02, 7.9233504647984658e-04,
       9.9977423150492695e-01 ]
R2: !!opencv-matrix
   rows: 3
   cols: 3
   dt: d
   data: [ 9.9977045209174875e-01, -8.0011028753616403e-03,
       1.9875247848475105e-02, 7.9838030514416767e-03,
       9.9996767803561937e-01, 9.4961723204957534e-04,
       -1.9882203426587947e-02, -7.9071918497951798e-04,
       9.9980201677635894e-01 ]
P1: !!opencv-matrix
   rows: 3
   cols: 4
   dt: d
   data: [ 1.1118120520316813e+03, 0., 6.1981055450439453e+02, 0., 0.,
       1.1118120520316813e+03, 3.5615922164916992e+02, 0., 0., 0., 1.,
       0. ]
P2: !!opencv-matrix
   rows: 3
   cols: 4
   dt: d
   data: [ 1.1118120520316813e+03, 0., 6.1981055450439453e+02,
       -8.8346305707118299e+04, 0., 1.1118120520316813e+03,
       3.5615922164916992e+02, 0., 0., 0., 1., 0. ]
Q: !!opencv-matrix
   rows: 4
   cols: 4
   dt: d
   data: [ 1., 0., 0., -6.1981055450439453e+02, 0., 1., 0.,
       -3.5615922164916992e+02, 0., 0., 0., 1.1118120520316813e+03, 0.,
       0., 1.2584703379873184e-02, 0. ]
validRoi1: !!opencv-matrix
   rows: 4
   cols: 1
   dt: d
   data: [ 0., 0., 1280., 720. ]
validRoi2: !!opencv-matrix
   rows: 4
   cols: 1
   dt: d
   data: [ 111., 46., 1075., 596. ]
