%YAML:1.0
---
R: !!opencv-matrix
   rows: 3
   cols: 3
   dt: d
   data: [ 9.9984975316665003e-01, 1.4514477331561188e-02,
       -9.4763410861474877e-03, -1.4448741160835102e-02,
       9.9987132606848750e-01, 6.9688725710717490e-03,
       9.5762712710428174e-03, -6.8309043205305635e-03,
       9.9993081449403654e-01 ]
T: !!opencv-matrix
   rows: 3
   cols: 1
   dt: d
   data: [ -1.3587771264788483e+02, 9.4723404287530566e-01,
       -2.6707412636378605e+00 ]
R1: !!opencv-matrix
   rows: 3
   cols: 3
   dt: d
   data: [ 9.9992127764949990e-01, 7.4082742512807283e-03,
       1.0126992466179976e-02, -7.4437184680700577e-03,
       9.9996628569824042e-01, 3.4667740383839381e-03,
       -1.0100968228856522e-02, -3.5418836066295374e-03,
       9.9994271110967015e-01 ]
R2: !!opencv-matrix
   rows: 3
   cols: 3
   dt: d
   data: [ 9.9978260303783351e-01, -6.9697090024327781e-03,
       1.9651204016948139e-02, 7.0385355798901015e-03,
       9.9996932797280502e-01, -3.4354229008063900e-03,
       -1.9626657376765239e-02, 3.5729917489649224e-03,
       9.9980099422343915e-01 ]
P1: !!opencv-matrix
   rows: 3
   cols: 4
   dt: d
   data: [ 1.1130084761144299e+03, 0., 6.0599210739135742e+02, 0., 0.,
       1.1130084761144299e+03, 3.6596019744873047e+02, 0., 0., 0., 1.,
       0. ]
P2: !!opencv-matrix
   rows: 3
   cols: 4
   dt: d
   data: [ 1.1130084761144299e+03, 0., 6.0599210739135742e+02,
       -1.5126593064593850e+05, 0., 1.1130084761144299e+03,
       3.6596019744873047e+02, 0., 0., 0., 1., 0. ]
Q: !!opencv-matrix
   rows: 4
   cols: 4
   dt: d
   data: [ 1., 0., 0., -6.0599210739135742e+02, 0., 1., 0.,
       -3.6596019744873047e+02, 0., 0., 0., 1.1130084761144299e+03, 0.,
       0., 7.3579587377120620e-03, 0. ]
validRoi1: !!opencv-matrix
   rows: 4
   cols: 1
   dt: d
   data: [ 0., 0., 1280., 720. ]
validRoi2: !!opencv-matrix
   rows: 4
   cols: 1
   dt: d
   data: [ 133., 34., 1081., 600. ]
