%YAML:1.0
---
R: !!opencv-matrix
   rows: 3
   cols: 3
   dt: d
   data: [ 9.9999159782453473e-01, 1.2126414536619540e-04,
       -4.0975084308789373e-03, -1.4071029074396002e-04,
       9.9998872829426588e-01, -4.7458913842507193e-03,
       4.0968867385069501e-03, 4.7464280700412033e-03,
       9.9998034327662055e-01 ]
T: !!opencv-matrix
   rows: 3
   cols: 1
   dt: d
   data: [ -3.2324839335022240e+01, 2.6589862483750775e+01,
       -2.2128557322206999e+00 ]
R1: !!opencv-matrix
   rows: 3
   cols: 3
   dt: d
   data: [ 7.7151082727242704e-01, -6.3403439677610129e-01,
       5.2644345434061247e-02, 6.3419477502918620e-01,
       7.7301305065947601e-01, 1.5742008633280260e-02,
       -5.0675741011800973e-02, 2.1241638705521509e-02,
       9.9848923983086013e-01 ]
R2: !!opencv-matrix
   rows: 3
   cols: 3
   dt: d
   data: [ 7.7121174861457287e-01, -6.3438565398519575e-01,
       5.2794704437361811e-02, 6.3421868216725852e-01,
       7.7284038988951531e-01, 2.2008974202536967e-02,
       -5.4764057454492150e-02, 1.6509808393721973e-02,
       9.9836282194296655e-01 ]
P1: !!opencv-matrix
   rows: 3
   cols: 4
   dt: d
   data: [ 7.4155312976991490e+02, 0., 5.3535342216491699e+02, 0., 0.,
       7.4155312976991490e+02, 3.0793818855285645e+02, 0., 0., 0., 1.,
       0. ]
P2: !!opencv-matrix
   rows: 3
   cols: 4
   dt: d
   data: [ 7.4155312976991490e+02, 0., 5.3535342216491699e+02,
       -3.1081717597348397e+04, 0., 7.4155312976991490e+02,
       3.0793818855285645e+02, 0., 0., 0., 1., 0. ]
Q: !!opencv-matrix
   rows: 4
   cols: 4
   dt: d
   data: [ 1., 0., 0., -5.3535342216491699e+02, 0., 1., 0.,
       -3.0793818855285645e+02, 0., 0., 0., 7.4155312976991490e+02, 0.,
       0., 2.3858177317497321e-02, 0. ]
validRoi1: !!opencv-matrix
   rows: 4
   cols: 1
   dt: d
   data: [ 0., 0., 0., 0. ]
validRoi2: !!opencv-matrix
   rows: 4
   cols: 1
   dt: d
   data: [ 0., 0., 0., 0. ]
