%YAML:1.0
---
M1: !!opencv-matrix
   rows: 3
   cols: 3
   dt: d
   data: [ 8.4062992309768606e+02, 0., 5.9224177901024882e+02, 0.,
       8.3903428021174341e+02, 3.6436495625435714e+02, 0., 0., 1. ]
D1: !!opencv-matrix
   rows: 1
   cols: 14
   dt: d
   data: [ 8.1980432685285418e-02, -1.7095962462373873e-01, 0., 0.,
       1.3356235058693089e-01, 0., 0., 9.8862449913404468e-02, 0., 0.,
       0., 0., 0., 0. ]
M2: !!opencv-matrix
   rows: 3
   cols: 3
   dt: d
   data: [ 6.4691479873332173e+02, 0., 5.8406349944630108e+02, 0.,
       6.4407197932808640e+02, 3.7358321176348755e+02, 0., 0., 1. ]
D2: !!opencv-matrix
   rows: 1
   cols: 14
   dt: d
   data: [ 1.8239637745990651e-02, -1.5837729293067632e-01, 0., 0.,
       6.7664144137683091e-01, 0., 0., 4.2283934091900055e-01, 0., 0.,
       0., 0., 0., 0. ]
