%YAML:1.0
---
R: !!opencv-matrix
   rows: 3
   cols: 3
   dt: d
   data: [ 9.9996165505863333e-01, -8.6721508668877352e-03,
       1.2174611865770786e-03, 8.6815753657398936e-03,
       9.9993061677941053e-01, -7.9619015515627212e-03,
       -1.1483299037565798e-03, 7.9721657339606854e-03,
       9.9996756242987328e-01 ]
T: !!opencv-matrix
   rows: 3
   cols: 1
   dt: d
   data: [ 2.7550872723538557e+01, 1.4905929922882882e-01,
       -5.8978121686570786e+00 ]
R1: !!opencv-matrix
   rows: 3
   cols: 3
   dt: d
   data: [ 9.7808075548861795e-01, -4.8586488082044453e-03,
       -2.0816923229568038e-01, 4.1246828165528160e-03,
       9.9998365358294128e-01, -3.9597422359178066e-03,
       2.0818506847148588e-01, 3.0143156222617010e-03,
       9.7808480775792250e-01 ]
R2: !!opencv-matrix
   rows: 3
   cols: 3
   dt: d
   data: [ 9.7783194801431150e-01, 5.2903930266443343e-03,
       -2.0932437312496696e-01, -4.5523052849332632e-03,
       9.9998160731910235e-01, 4.0076851294837063e-03,
       2.0934172531803003e-01, -2.9659341071489034e-03,
       9.7783804654745488e-01 ]
P1: !!opencv-matrix
   rows: 3
   cols: 4
   dt: d
   data: [ 8.0442052459791626e+02, 0., 9.3668022918701172e+02, 0., 0.,
       8.0442052459791626e+02, 3.6058535766601563e+02, 0., 0., 0., 1.,
       0. ]
P2: !!opencv-matrix
   rows: 3
   cols: 4
   dt: d
   data: [ 8.0442052459791626e+02, 0., 9.3668022918701172e+02,
       2.2664924718817772e+04, 0., 8.0442052459791626e+02,
       3.6058535766601563e+02, 0., 0., 0., 1., 0. ]
Q: !!opencv-matrix
   rows: 4
   cols: 4
   dt: d
   data: [ 1., 0., 0., -9.3668022918701172e+02, 0., 1., 0.,
       -3.6058535766601563e+02, 0., 0., 0., 8.0442052459791626e+02, 0.,
       0., -3.5491868363897026e-02, 0. ]
validRoi1: !!opencv-matrix
   rows: 4
   cols: 1
   dt: d
   data: [ 84., 76., 1196., 564. ]
validRoi2: !!opencv-matrix
   rows: 4
   cols: 1
   dt: d
   data: [ 0., 10., 1280., 705. ]
