%YAML:1.0
---
R: !!opencv-matrix
   rows: 3
   cols: 3
   dt: d
   data: [ 9.9974439933208947e-01, -1.4332016736998592e-03,
       -2.2562844170940552e-02, 9.5107130257090220e-04,
       9.9977129893886607e-01, -2.1364580067720036e-02,
       2.2588303776447410e-02, 2.1337660393189736e-02,
       9.9951711980408209e-01 ]
T: !!opencv-matrix
   rows: 3
   cols: 1
   dt: d
   data: [ -1.0694793895786940e+01, 2.6144443463188583e+01,
       -1.0250931841380345e+01 ]
R1: !!opencv-matrix
   rows: 3
   cols: 3
   dt: d
   data: [ 9.3023154332191327e-01, 3.5792208122010638e-01,
       -8.1000367801628836e-02, -3.6268914234516414e-01,
       8.6306854616626283e-01, -3.5152421060772282e-01,
       -5.5909407382486800e-02, 3.5637686287625486e-01,
       9.3266803835695911e-01 ]
R2: !!opencv-matrix
   rows: 3
   cols: 3
   dt: d
   data: [ 9.3130839966876688e-01, 3.6045547942934042e-01,
       -5.2311681828868750e-02, -3.5590200405676520e-01,
       8.7003638538215533e-01, -3.4113113551760693e-01,
       -7.7449520429623955e-02, 3.3631612429456603e-01,
       9.3855902122599788e-01 ]
P1: !!opencv-matrix
   rows: 3
   cols: 4
   dt: d
   data: [ 7.8122577283970850e+02, 0., 6.8087096023559570e+02, 0., 0.,
       7.8122577283970850e+02, 7.2880994033813477e+02, 0., 0., 0., 1.,
       0. ]
P2: !!opencv-matrix
   rows: 3
   cols: 4
   dt: d
   data: [ 7.8122577283970850e+02, 0., 6.8087096023559570e+02, 0., 0.,
       7.8122577283970850e+02, 7.2880994033813477e+02,
       2.3475699859405533e+04, 0., 0., 1., 0. ]
Q: !!opencv-matrix
   rows: 4
   cols: 4
   dt: d
   data: [ 1., 0., 0., -6.8087096023559570e+02, 0., 1., 0.,
       -7.2880994033813477e+02, 0., 0., 0., 7.8122577283970850e+02, 0.,
       0., -3.3278061038368174e-02, 0. ]
validRoi1: !!opencv-matrix
   rows: 4
   cols: 1
   dt: d
   data: [ 253., 289., 937., 229. ]
validRoi2: !!opencv-matrix
   rows: 4
   cols: 1
   dt: d
   data: [ 239., 304., 875., 212. ]
