%YAML:1.0
---
M1: !!opencv-matrix
   rows: 3
   cols: 3
   dt: d
   data: [ 9.1469379703373920e+02, 0., 6.3329812055689854e+02, 0.,
       9.1171378813139893e+02, 3.6288050658600559e+02, 0., 0., 1. ]
D1: !!opencv-matrix
   rows: 1
   cols: 14
   dt: d
   data: [ 5.0753045644853341e-02, 6.0694484906841983e-02, 0., 0.,
       -3.3877851139494003e-01, 0., 0., 2.1688787877628130e-01, 0., 0.,
       0., 0., 0., 0. ]
M2: !!opencv-matrix
   rows: 3
   cols: 3
   dt: d
   data: [ 6.9929783538389302e+02, 0., 6.5770495599317144e+02, 0.,
       6.9712726106443370e+02, 3.5938191158343380e+02, 0., 0., 1. ]
D2: !!opencv-matrix
   rows: 1
   cols: 14
   dt: d
   data: [ 1.3898727697947321e-02, -1.4639504436825576e-01, 0., 0.,
       3.2459681678624185e-03, 0., 0., -1.3713905494154616e-01, 0., 0.,
       0., 0., 0., 0. ]
