%YAML:1.0
---
R: !!opencv-matrix
   rows: 3
   cols: 3
   dt: d
   data: [ 9.9993093805416855e-01, -5.5156208755634756e-03,
       -1.0377718847012163e-02, 5.1146516449268277e-03,
       9.9925414890730957e-01, -3.8275138537691537e-02,
       1.0581089767204056e-02, 3.8219416765375692e-02,
       9.9921334895078984e-01 ]
T: !!opencv-matrix
   rows: 3
   cols: 1
   dt: d
   data: [ -1.3816852104831677e+01, 2.7534100646130540e+01,
       -2.9405443771388105e+00 ]
R1: !!opencv-matrix
   rows: 3
   cols: 3
   dt: d
   data: [ 8.9634063149981902e-01, 4.4164792265798541e-01,
       -3.8994675718508551e-02, -4.4290095894840603e-01,
       8.8790289009711043e-01, -1.2436719149269668e-01,
       -2.0303026500694030e-02, 1.2874614623003222e-01,
       9.9146972568295166e-01 ]
R2: !!opencv-matrix
   rows: 3
   cols: 3
   dt: d
   data: [ 8.9424744175095527e-01, 4.4739551577296000e-01,
       -1.2600213812421442e-02, -4.4647705931535941e-01,
       8.8973553412202988e-01, -9.5020602111832872e-02,
       -3.1300933324434128e-02, 9.0597636761856670e-02,
       9.9539555945673486e-01 ]
P1: !!opencv-matrix
   rows: 3
   cols: 4
   dt: d
   data: [ 8.0002217022260618e+02, 0., 6.6056251907348633e+02, 0., 0.,
       8.0002217022260618e+02, 4.7457225179672241e+02, 0., 0., 0., 1.,
       0. ]
P2: !!opencv-matrix
   rows: 3
   cols: 4
   dt: d
   data: [ 8.0002217022260618e+02, 0., 6.6056251907348633e+02, 0., 0.,
       8.0002217022260618e+02, 4.7457225179672241e+02,
       2.4757796119474562e+04, 0., 0., 1., 0. ]
Q: !!opencv-matrix
   rows: 4
   cols: 4
   dt: d
   data: [ 1., 0., 0., -6.6056251907348633e+02, 0., 1., 0.,
       -4.7457225179672241e+02, 0., 0., 0., 8.0002217022260618e+02, 0.,
       0., -3.2313949366167785e-02, 0. ]
validRoi1: !!opencv-matrix
   rows: 4
   cols: 1
   dt: d
   data: [ 287., 329., 752., 73. ]
validRoi2: !!opencv-matrix
   rows: 4
   cols: 1
   dt: d
   data: [ 193., 360., 952., 82. ]
