%YAML:1.0
---
M1: !!opencv-matrix
   rows: 3
   cols: 3
   dt: d
   data: [ 9.0484984881064702e+02, 0., 6.3053879428046810e+02, 0.,
       9.0564490636282926e+02, 3.6325930677287994e+02, 0., 0., 1. ]
D1: !!opencv-matrix
   rows: 1
   cols: 14
   dt: d
   data: [ 1.0436003412494778e-01, -3.4391335359699760e-01,
       2.2262855263516482e-03, -1.6273714692178578e-03,
       2.3223916564968963e-01, 0., 0., 0., 0., 0., 0., 0., 0., 0. ]
M2: !!opencv-matrix
   rows: 3
   cols: 3
   dt: d
   data: [ 6.9519449163456534e+02, 0., 6.5486004918334675e+02, 0.,
       6.9532364259173255e+02, 3.6436544618919430e+02, 0., 0., 1. ]
D2: !!opencv-matrix
   rows: 1
   cols: 14
   dt: d
   data: [ -2.7370535674738419e-02, 1.0316524305258568e-01,
       6.3545368723723838e-04, -3.7932599948984217e-03,
       -1.5863496485954390e-01, 0., 0., 0., 0., 0., 0., 0., 0., 0. ]
