%YAML:1.0
---
R: !!opencv-matrix
   rows: 3
   cols: 3
   dt: d
   data: [ 9.9963641864496977e-01, 2.1953963053430885e-02,
       1.5654201509737183e-02, -2.2265847680502271e-02,
       9.9955130463370412e-01, 2.0035504289352347e-02,
       -1.5207318821131421e-02, -2.0376773819929795e-02,
       9.9967671001327418e-01 ]
T: !!opencv-matrix
   rows: 3
   cols: 1
   dt: d
   data: [ 5.9727918099861133e-01, -1.0002886556343800e+00,
       -5.7083328568049386e-03 ]
R1: !!opencv-matrix
   rows: 3
   cols: 3
   dt: d
   data: [ 8.4693953784903420e-01, 5.3148940924400756e-01,
       1.4574878713733910e-02, -5.3166698275290636e-01,
       8.4683653737291620e-01, 1.4074744071217806e-02,
       -4.8619624108964974e-03, -1.9669439028741117e-02,
       9.9979471617418025e-01 ]
R2: !!opencv-matrix
   rows: 3
   cols: 3
   dt: d
   data: [ 8.5852806336643062e-01, 5.1268512070949090e-01,
       -9.1395522527544168e-03, -5.1266193161722529e-01,
       8.5857657639252460e-01, 4.8996265762869381e-03,
       1.0358971125625571e-02, 4.7903359625531793e-04,
       9.9994622967639213e-01 ]
P1: !!opencv-matrix
   rows: 3
   cols: 4
   dt: d
   data: [ 3.9017025400926246e+02, 0., 6.5277293777465820e+02, 0., 0.,
       3.9017025400926246e+02, 3.4883415770530701e+02, 0., 0., 0., 1.,
       0. ]
P2: !!opencv-matrix
   rows: 3
   cols: 4
   dt: d
   data: [ 3.9017025400926246e+02, 0., 6.5277293777465820e+02, 0., 0.,
       3.9017025400926246e+02, 3.4883415770530701e+02,
       -4.5456967914416998e+02, 0., 0., 1., 0. ]
Q: !!opencv-matrix
   rows: 4
   cols: 4
   dt: d
   data: [ 1., 0., 0., -6.5277293777465820e+02, 0., 1., 0.,
       -3.4883415770530701e+02, 0., 0., 0., 3.9017025400926246e+02, 0.,
       0., 8.5832881494394009e-01, 0. ]
F: !!opencv-matrix
   rows: 3
   cols: 3
   dt: d
   data: [ -8.4287603167866428e-08, -1.4465887056961489e-07,
       4.0159017047857234e-03, -1.8743481427474462e-08,
       -6.6349181946928852e-08, 2.3546605547691219e-03,
       -4.9695212156764526e-03, -3.0152921284538844e-03, 1. ]
E: !!opencv-matrix
   rows: 3
   cols: 3
   dt: d
   data: [ 1.5084607629493728e-02, 2.6088427244806221e-02,
       -9.9985090300074031e-01, 3.3767575172602444e-03,
       1.2045302249926632e-02, -5.9717544601293970e-01,
       9.8662604206269278e-01, 6.1897148478627551e-01,
       2.7625509776043222e-02 ]
validRoi1: [ 0, 0, 0, 0 ]
validRoi2: [ 0, 0, 0, 0 ]
