%YAML:1.0
---
R: !!opencv-matrix
   rows: 3
   cols: 3
   dt: d
   data: [ 9.9998784857012990e-01, -2.6530501496589985e-04,
       4.9226339831373693e-03, 2.5203737844723052e-04,
       9.9999633495180618e-01, 2.6956557857021357e-03,
       -4.9233311124451482e-03, -2.6943823418657370e-03,
       9.9998425043325212e-01 ]
T: !!opencv-matrix
   rows: 3
   cols: 1
   dt: d
   data: [ -1.6780717288828978e+01, -1.6099681113614422e-01,
       -1.6653742676838836e+00 ]
R1: !!opencv-matrix
   rows: 3
   cols: 3
   dt: d
   data: [ 9.9457023098985620e-01, 9.0167078506520077e-03,
       1.0367620078069981e-01, -9.1545458806162171e-03,
       9.9995773181918457e-01, 8.5373576202598701e-04,
       -1.0366412069035111e-01, -1.7982087108173775e-03,
       9.9461073618120999e-01 ]
R2: !!opencv-matrix
   rows: 3
   cols: 3
   dt: d
   data: [ 9.9506611335083772e-01, 9.5468190281575126e-03,
       9.8753674905297878e-02, -9.4155258121246862e-03,
       9.9995406101590745e-01, -1.7954752786131655e-03,
       -9.8766279339351767e-02, 8.5679883199411768e-04,
       9.9511028934546875e-01 ]
P1: !!opencv-matrix
   rows: 3
   cols: 4
   dt: d
   data: [ 4.2353589064127340e+02, 0., 2.7010501861572266e+02, 0., 0.,
       4.2353589064127340e+02, 2.4965417480468750e+02, 0., 0., 0., 1.,
       0. ]
P2: !!opencv-matrix
   rows: 3
   cols: 4
   dt: d
   data: [ 4.2353589064127340e+02, 0., 2.7010501861572266e+02,
       -7.1424762105407390e+03, 0., 4.2353589064127340e+02,
       2.4965417480468750e+02, 0., 0., 0., 1., 0. ]
Q: !!opencv-matrix
   rows: 4
   cols: 4
   dt: d
   data: [ 1., 0., 0., -2.7010501861572266e+02, 0., 1., 0.,
       -2.4965417480468750e+02, 0., 0., 0., 4.2353589064127340e+02, 0.,
       0., 5.9298187093185781e-02, 0. ]
F: !!opencv-matrix
   rows: 3
   cols: 3
   dt: d
   data: [ 3.6580325749209981e-08, 5.0186093386118679e-05,
       -1.4821741581997606e-02, -5.2661625668080316e-05,
       -1.3468373039387142e-06, 2.5518895171251388e-01,
       1.5116572697326759e-02, -2.5406835941795242e-01, 1. ]
E: !!opencv-matrix
   rows: 3
   cols: 3
   dt: d
   data: [ 1.2123771738315567e-03, 1.6658019509719537e+00,
       -1.5650499972607951e-01, -1.7479710585225003e+00,
       -4.4771836201850185e-02, 1.6772254971837217e+01,
       1.5676548680074381e-01, -1.6780698499952774e+01,
       -4.4442509274188156e-02 ]
validRoi1: [ 33, 38, 578, 410 ]
validRoi2: [ 24, 40, 580, 414 ]
