%YAML:1.0
---
M1: !!opencv-matrix
   rows: 3
   cols: 3
   dt: d
   data: [ 4.6959442475836124e+02, 0., 3.3352114348098934e+02, 0.,
       4.7029756009909096e+02, 2.5090725370600143e+02, 0., 0., 1. ]
D1: !!opencv-matrix
   rows: 1
   cols: 14
   dt: d
   data: [ -6.5052944253098533e-03, 1.3974145765414769e-01, 0., 0., 0.,
       0., 0., 2.1844939099213434e-01, 0., 0., 0., 0., 0., 0. ]
M2: !!opencv-matrix
   rows: 3
   cols: 3
   dt: d
   data: [ 4.6959442475836124e+02, 0., 3.3857525418792954e+02, 0.,
       4.7029756009909096e+02, 2.4510790420808891e+02, 0., 0., 1. ]
D2: !!opencv-matrix
   rows: 1
   cols: 14
   dt: d
   data: [ -4.8954204639536534e-03, 1.2426045658104139e-01, 0., 0., 0.,
       0., 0., 2.3845556592763034e-01, 0., 0., 0., 0., 0., 0. ]
