%YAML:1.0
---
R: !!opencv-matrix
   rows: 3
   cols: 3
   dt: d
   data: [ 9.9986154833024676e-01, -4.8816863103586204e-03,
       -1.5907649399231574e-02, 5.4104845459587592e-03,
       9.9942841908592417e-01, 3.3370073125306307e-02,
       1.5735654661295694e-02, -3.3451521074199395e-02,
       9.9931645884084330e-01 ]
T: !!opencv-matrix
   rows: 3
   cols: 1
   dt: d
   data: [ -1.0426289648643161e+01, 2.9070230698597822e+01,
       -4.3961630876487332e+00 ]
R1: !!opencv-matrix
   rows: 3
   cols: 3
   dt: d
   data: [ 9.4341494594015651e-01, 3.3081435945620563e-01,
       -2.3023886603088843e-02, -3.3136154112698774e-01,
       9.3770830579022957e-01, -1.0441581448212085e-01,
       -1.2952561085712022e-02, 1.0613667052247999e-01,
       9.9426718659107083e-01 ]
R2: !!opencv-matrix
   rows: 3
   cols: 3
   dt: d
   data: [ 9.4203565255168309e-01, 3.3496129548810005e-01,
       -1.9229140554329699e-02, -3.3423225119929556e-01,
       9.3189513975757010e-01, -1.4092640190705780e-01,
       -2.9285347526969725e-02, 1.3918469391837726e-01,
       9.8983331394688479e-01 ]
P1: !!opencv-matrix
   rows: 3
   cols: 4
   dt: d
   data: [ 7.8760675229237654e+02, 0., 6.2627080726623535e+02, 0., 0.,
       7.8760675229237654e+02, 5.2648957729339600e+02, 0., 0., 0., 1.,
       0. ]
P2: !!opencv-matrix
   rows: 3
   cols: 4
   dt: d
   data: [ 7.8760675229237654e+02, 0., 6.2627080726623535e+02, 0., 0.,
       7.8760675229237654e+02, 5.2648957729339600e+02,
       2.4569191330763970e+04, 0., 0., 1., 0. ]
Q: !!opencv-matrix
   rows: 4
   cols: 4
   dt: d
   data: [ 1., 0., 0., -6.2627080726623535e+02, 0., 1., 0.,
       -5.2648957729339600e+02, 0., 0., 0., 7.8760675229237654e+02, 0.,
       0., -3.2056681951358558e-02, 0. ]
validRoi1: !!opencv-matrix
   rows: 4
   cols: 1
   dt: d
   data: [ 459., 317., 610., 227. ]
validRoi2: !!opencv-matrix
   rows: 4
   cols: 1
   dt: d
   data: [ 87., 256., 1126., 291. ]
