%YAML:1.0
---
M1: !!opencv-matrix
   rows: 3
   cols: 3
   dt: d
   data: [ 8.8960065210599521e+02, 0., 6.2821624174578085e+02, 0.,
       8.9205585027122868e+02, 3.6640053479522720e+02, 0., 0., 1. ]
D1: !!opencv-matrix
   rows: 1
   cols: 14
   dt: d
   data: [ 7.2750658256700629e-02, -4.9398201945222001e-02, 0., 0.,
       -5.4146201484239742e-01, 0., 0., -1.9593798219476649e-01, 0., 0.,
       0., 0., 0., 0. ]
M2: !!opencv-matrix
   rows: 3
   cols: 3
   dt: d
   data: [ 6.8561285247875787e+02, 0., 6.5290829308622290e+02, 0.,
       6.8756326565909262e+02, 3.7045829656699988e+02, 0., 0., 1. ]
D2: !!opencv-matrix
   rows: 1
   cols: 14
   dt: d
   data: [ -6.8716343228823473e-02, 5.2078222901085525e-01, 0., 0.,
       -5.6248342766591930e-01, 0., 0., 6.5278432952238119e-01, 0., 0.,
       0., 0., 0., 0. ]
