%YAML:1.0
---
M1: !!opencv-matrix
   rows: 3
   cols: 3
   dt: d
   data: [ 8.9041211477301408e+02, 0., 6.2503419190995396e+02, 0.,
       8.9194140455920706e+02, 3.7248480698205873e+02, 0., 0., 1. ]
D1: !!opencv-matrix
   rows: 1
   cols: 14
   dt: d
   data: [ 7.7424287311921913e-02, -2.8737472674460357e-01, 0., 0.,
       6.6417516255819237e-02, 0., 0., -8.6270624001719115e-02, 0., 0.,
       0., 0., 0., 0. ]
M2: !!opencv-matrix
   rows: 3
   cols: 3
   dt: d
   data: [ 6.7203943090640291e+02, 0., 6.3897763169743928e+02, 0.,
       6.7155072461045881e+02, 3.9557491590754006e+02, 0., 0., 1. ]
D2: !!opencv-matrix
   rows: 1
   cols: 14
   dt: d
   data: [ -2.2503429848591442e-02, -1.2207456112070068e-01, 0., 0.,
       1.1892550932521145e-01, 0., 0., -1.5069198845311310e-01, 0., 0.,
       0., 0., 0., 0. ]
